{
  "advancedEditorSelectedIdentifier" : "ProjectBrowser",
  "openSceneRelativePaths" : [
    "Immersive.usda",
    "Scene.usda"
  ],
  "recentIdentifiers" : {
    "D66134B1-3681-4A8E-AFE5-29F257229F3B" : [

    ]
  },
  "sceneCameraHistory" : {
    "1D572CEB-057A-41C3-B575-04C37501A3C0" : [
      {
        "date" : 756897053.693219,
        "title" : "Untitled",
        "transform" : [
          0.99484307,
          -3.8691383e-09,
          0.101427004,
          0,
          0.007861977,
          0.9969913,
          -0.07711396,
          0,
          -0.10112181,
          0.07751377,
          0.9918498,
          0,
          -0.17107351,
          0.13113469,
          1.6779686,
          1
        ]
      },
      {
        "date" : 756897016.77654,
        "title" : "Untitled",
        "transform" : [
          0.9954123,
          -3.8154733e-09,
          -0.095679134,
          0,
          -0.0014548854,
          0.9998845,
          -0.015136071,
          0,
          0.09566808,
          0.0152059,
          0.99529713,
          0,
          0.1618471,
          0.025724925,
          1.6838007,
          1
        ]
      },
      {
        "date" : 756897007.709259,
        "title" : "Untitled",
        "transform" : [
          0.99933344,
          9.434675e-12,
          -0.03650628,
          0,
          -0.033235174,
          0.41373816,
          -0.90978914,
          0,
          0.015104041,
          0.91039604,
          0.41346234,
          0,
          0.00851574,
          0.51328635,
          0.2331123,
          1
        ]
      },
      {
        "date" : 756896994.580322,
        "title" : "Untitled",
        "transform" : [
          1,
          0,
          0,
          0,
          0,
          0.7071069,
          -0.70710677,
          0,
          0,
          0.70710677,
          0.7071069,
          0,
          0,
          2.5231392,
          2.5231392,
          1
        ]
      }
    ],
    "D66134B1-3681-4A8E-AFE5-29F257229F3B" : [
      {
        "date" : 756973789.863109,
        "title" : "Untitled",
        "transform" : [
          0.9760905,
          2.0875746e-11,
          0.21736467,
          0,
          0.081688315,
          0.9266959,
          -0.3668267,
          0,
          -0.20143087,
          0.3758123,
          0.90453905,
          0,
          -0.12455789,
          0.58865285,
          1.4879683,
          1
        ]
      },
      {
        "date" : 756971364.841202,
        "title" : "Untitled",
        "transform" : [
          0.99851114,
          3.2303449e-09,
          0.05454866,
          0,
          -0.00445842,
          0.9966543,
          0.08161149,
          0,
          -0.05436607,
          -0.08173312,
          0.9951704,
          0,
          0.11503438,
          -0.14060287,
          1.594702,
          1
        ]
      },
      {
        "date" : 756917261.330452,
        "title" : "Untitled",
        "transform" : [
          0.99864995,
          1.3095667e-09,
          -0.051943358,
          0,
          -0.051911697,
          0.034899585,
          -0.9980417,
          0,
          0.0018128834,
          0.99939084,
          0.034852426,
          0,
          0.20501094,
          1.590902,
          0.055487365,
          1
        ]
      },
      {
        "date" : 756917067.425691,
        "title" : "Untitled",
        "transform" : [
          0.99980205,
          -2.6525315e-10,
          -0.019894116,
          0,
          -0.016099697,
          0.5874364,
          -0.8091102,
          0,
          0.011686611,
          0.8092704,
          0.58732015,
          0,
          0.2205888,
          1.2823836,
          0.9396331,
          1
        ]
      },
      {
        "date" : 756916628.431362,
        "title" : "Untitled",
        "transform" : [
          0.9997866,
          -1.2230991e-10,
          0.020661931,
          0,
          0.015338812,
          0.6699906,
          -0.74221116,
          0,
          -0.01384322,
          0.74236965,
          0.66984767,
          0,
          0.21330875,
          1.3954804,
          1.2809027,
          1
        ]
      },
      {
        "date" : 756916624.88931,
        "title" : "Untitled",
        "transform" : [
          0.99770826,
          -1.0432055e-10,
          0.0676629,
          0,
          0.04897527,
          0.68999696,
          -0.7221536,
          0,
          -0.04668711,
          0.72381234,
          0.68841565,
          0,
          0.1502827,
          1.3601388,
          1.3270326,
          1
        ]
      },
      {
        "date" : 756916535.804351,
        "title" : "Untitled",
        "transform" : [
          0.99854934,
          -6.05017e-09,
          -0.05384435,
          0,
          -0.038293187,
          0.7030063,
          -0.7101519,
          0,
          0.03785302,
          0.7111836,
          0.70198655,
          0,
          0.31143945,
          1.3360953,
          1.323417,
          1
        ]
      },
      {
        "date" : 756916516.772778,
        "title" : "Untitled",
        "transform" : [
          0.9995223,
          -5.349918e-09,
          -0.030905144,
          0,
          -0.02529005,
          0.57477283,
          -0.8179221,
          0,
          0.017763538,
          0.8183131,
          0.5744984,
          0,
          0.27352095,
          1.5402781,
          1.0891774,
          1
        ]
      },
      {
        "date" : 756916356.222552,
        "title" : "Untitled",
        "transform" : [
          0.9999658,
          -4.615328e-09,
          0.008277033,
          0,
          0.0037099542,
          0.8939237,
          -0.4482037,
          0,
          -0.00739894,
          0.44821912,
          0.8938932,
          0,
          0.22568291,
          0.83644384,
          1.6979418,
          1
        ]
      },
      {
        "date" : 756916340.925136,
        "title" : "Untitled",
        "transform" : [
          0.98408437,
          -4.565705e-09,
          0.17770201,
          0,
          0.04924906,
          0.96082836,
          -0.27273297,
          0,
          -0.17074105,
          0.27714396,
          0.94553626,
          0,
          -0.16734233,
          0.9785488,
          3.504539,
          1
        ]
      }
    ]
  },
  "sceneViewportBackgroundColors" : {

  },
  "selectedSceneRelativePath" : "Scene.usda"
}