{
  "advancedEditorSelectedIdentifier" : "ProjectBrowser",
  "openSceneRelativePaths" : [
    "Scene.usda"
  ],
  "recentIdentifiers" : {
    "D66134B1-3681-4A8E-AFE5-29F257229F3B" : [

    ]
  },
  "sceneCameraHistory" : {
    "1D572CEB-057A-41C3-B575-04C37501A3C0" : [
      {
        "date" : 756897053.693219,
        "title" : "Untitled",
        "transform" : [
          0.99484307,
          -3.8691383e-09,
          0.101427004,
          0,
          0.007861977,
          0.9969913,
          -0.07711396,
          0,
          -0.10112181,
          0.07751377,
          0.9918498,
          0,
          -0.17107351,
          0.13113469,
          1.6779686,
          1
        ]
      },
      {
        "date" : 756897016.77654,
        "title" : "Untitled",
        "transform" : [
          0.9954123,
          -3.8154733e-09,
          -0.095679134,
          0,
          -0.0014548854,
          0.9998845,
          -0.015136071,
          0,
          0.09566808,
          0.0152059,
          0.99529713,
          0,
          0.1618471,
          0.025724925,
          1.6838007,
          1
        ]
      },
      {
        "date" : 756897007.709259,
        "title" : "Untitled",
        "transform" : [
          0.99933344,
          9.434675e-12,
          -0.03650628,
          0,
          -0.033235174,
          0.41373816,
          -0.90978914,
          0,
          0.015104041,
          0.91039604,
          0.41346234,
          0,
          0.00851574,
          0.51328635,
          0.2331123,
          1
        ]
      },
      {
        "date" : 756896994.580322,
        "title" : "Untitled",
        "transform" : [
          1,
          0,
          0,
          0,
          0,
          0.7071069,
          -0.70710677,
          0,
          0,
          0.70710677,
          0.7071069,
          0,
          0,
          2.5231392,
          2.5231392,
          1
        ]
      }
    ],
    "D66134B1-3681-4A8E-AFE5-29F257229F3B" : [
      {
        "date" : 757944977.560563,
        "title" : "Untitled",
        "transform" : [
          0.9900145,
          5.8495612e-08,
          -0.14096569,
          0,
          -0.043092072,
          0.9521306,
          -0.3026388,
          0,
          0.13421778,
          0.30569136,
          0.9426232,
          0,
          0.07413396,
          0.19643566,
          0.4017385,
          1
        ]
      },
      {
        "date" : 757944966.479881,
        "title" : "Untitled",
        "transform" : [
          0.9985798,
          5.241879e-08,
          -0.053277526,
          0,
          0.0067426614,
          0.99195904,
          0.1263792,
          0,
          0.05284915,
          -0.12655896,
          0.9905503,
          0,
          0.0126145575,
          0.0057361545,
          0.14070539,
          1
        ]
      },
      {
        "date" : 757944954.407852,
        "title" : "Untitled",
        "transform" : [
          0.9136061,
          5.228872e-08,
          -0.40660045,
          0,
          -0.17578188,
          0.9017198,
          -0.39497083,
          0,
          0.36663967,
          0.4323208,
          0.8238168,
          0,
          0.05312271,
          0.08285077,
          0.10610313,
          1
        ]
      },
      {
        "date" : 757944943.543807,
        "title" : "Untitled",
        "transform" : [
          0.8878516,
          4.6400423e-08,
          -0.46012995,
          0,
          -0.45205134,
          0.1865638,
          -0.87226343,
          0,
          0.08584353,
          0.98244286,
          0.165641,
          0,
          0.0085421195,
          0.14765806,
          0.0046615913,
          1
        ]
      },
      {
        "date" : 757944939.080598,
        "title" : "Untitled",
        "transform" : [
          0.94530153,
          1.8252733e-08,
          0.32619798,
          0,
          0.30710965,
          0.33706164,
          -0.88998485,
          0,
          -0.10994878,
          0.9414825,
          0.31862512,
          0,
          -1.5140766,
          12.110978,
          4.6416297,
          1
        ]
      },
      {
        "date" : 757944937.378071,
        "title" : "Untitled",
        "transform" : [
          0.94530153,
          1.8252733e-08,
          0.32619798,
          0,
          0.30710968,
          0.33706167,
          -0.88998497,
          0,
          -0.10994878,
          0.9414825,
          0.31862512,
          0,
          -2.1886756,
          17.505314,
          6.7104135,
          1
        ]
      },
      {
        "date" : 757944930.787381,
        "title" : "Untitled",
        "transform" : [
          0.9999021,
          -1.1372497e-08,
          0.013994855,
          0,
          0.003012859,
          0.97655076,
          -0.21526608,
          0,
          -0.0136665935,
          0.21528697,
          0.9764552,
          0,
          -0.0015128347,
          0.0358158,
          0.16562758,
          1
        ]
      },
      {
        "date" : 757944927.077054,
        "title" : "Untitled",
        "transform" : [
          0.70655215,
          -1.250983e-08,
          -0.70766103,
          0,
          -0.51910377,
          0.67963696,
          -0.5182903,
          0,
          0.48095274,
          0.7335485,
          0.48019895,
          0,
          0.08242516,
          0.12384268,
          0.0811581,
          1
        ]
      },
      {
        "date" : 757944879.4275,
        "title" : "Untitled",
        "transform" : [
          0.9985558,
          -3.595874e-08,
          -0.05372472,
          0,
          -0.024759721,
          0.8874714,
          -0.46019724,
          0,
          0.047679204,
          0.46086276,
          0.8861898,
          0,
          0.02540922,
          0.22121967,
          0.42948043,
          1
        ]
      },
      {
        "date" : 757944826.910208,
        "title" : "Untitled",
        "transform" : [
          0.9682008,
          -3.6006806e-08,
          -0.2501743,
          0,
          -0.1212587,
          0.8746822,
          -0.46928388,
          0,
          0.21882309,
          0.48469678,
          0.84686804,
          0,
          0.065462224,
          0.14067423,
          0.24779247,
          1
        ]
      }
    ]
  },
  "sceneViewportBackgroundColors" : {

  },
  "selectedSceneRelativePath" : "Scene.usda"
}