{
  "advancedEditorSelectedIdentifier" : "BehaviorsPluginID",
  "openSceneRelativePaths" : [
    "Scene.usda",
    "logo.usda"
  ],
  "recentIdentifiers" : {
    "1B9EBB34-6B17-413F-929E-E3128BD7376A" : [

    ],
    "4900FD3F-A8C6-4F13-9E78-5B072546D3AF" : [

    ],
    "65A27008-2FA3-4388-9990-8C3ED446F8BA" : [

    ],
    "9B08968F-D29F-43B0-AEF2-343BCDD84B6E" : [

    ],
    "D66134B1-3681-4A8E-AFE5-29F257229F3B" : [

    ],
    "F2F7B101-EAEC-4CD6-BB27-1903FC907C7E" : [

    ]
  },
  "sceneCameraHistory" : {
    "1B9EBB34-6B17-413F-929E-E3128BD7376A" : [
      {
        "date" : 758184181.011958,
        "title" : "Untitled",
        "transform" : [
          0.9999926,
          -6.5464867e-10,
          0.0038556147,
          0,
          0.0024122458,
          0.78010803,
          -0.6256402,
          0,
          -0.0030077954,
          0.62564486,
          0.78010225,
          0,
          0.24469137,
          0.85396266,
          0.17259645,
          1
        ]
      },
      {
        "date" : 758184033.00875,
        "title" : "Untitled",
        "transform" : [
          0.99999255,
          -6.158368e-10,
          0.0038556147,
          0,
          0.0024122389,
          0.780108,
          -0.62564015,
          0,
          -0.0030077698,
          0.6256448,
          0.78010225,
          0,
          -3.7831855,
          3.9485304,
          4.541115,
          1
        ]
      },
      {
        "date" : 758184031.105306,
        "title" : "Untitled",
        "transform" : [
          0.99999255,
          -6.158368e-10,
          0.0038556147,
          0,
          0.002412239,
          0.7801081,
          -0.6256402,
          0,
          -0.0030077698,
          0.6256448,
          0.78010225,
          0,
          -2.6149273,
          2.7292135,
          3.1388059,
          1
        ]
      },
      {
        "date" : 758183726.153519,
        "title" : "Untitled",
        "transform" : [
          0.99024725,
          -6.1053523e-10,
          0.13932128,
          0,
          0.05382944,
          0.9223443,
          -0.38260096,
          0,
          -0.12850218,
          0.3863691,
          0.9133489,
          0,
          -3.1039414,
          1.7554929,
          3.3796961,
          1
        ]
      },
      {
        "date" : 758183543.628565,
        "title" : "Untitled",
        "transform" : [
          0.9956494,
          -9.2894936e-10,
          -0.09317844,
          0,
          -0.031724766,
          0.9402543,
          -0.33899197,
          0,
          0.08761144,
          0.3404732,
          0.9361636,
          0,
          0.6857722,
          2.665029,
          7.3277507,
          1
        ]
      },
      {
        "date" : 758183460.650803,
        "title" : "Untitled",
        "transform" : [
          0.9956494,
          -9.2894936e-10,
          -0.09317844,
          0,
          -0.031724766,
          0.9402543,
          -0.33899197,
          0,
          0.08761144,
          0.3404732,
          0.9361636,
          0,
          0.46471542,
          1.8059642,
          4.9656715,
          1
        ]
      }
    ],
    "1D572CEB-057A-41C3-B575-04C37501A3C0" : [
      {
        "date" : 756897053.693219,
        "title" : "Untitled",
        "transform" : [
          0.99484307,
          -3.8691383e-09,
          0.101427004,
          0,
          0.007861977,
          0.9969913,
          -0.07711396,
          0,
          -0.10112181,
          0.07751377,
          0.9918498,
          0,
          -0.17107351,
          0.13113469,
          1.6779686,
          1
        ]
      },
      {
        "date" : 756897016.77654,
        "title" : "Untitled",
        "transform" : [
          0.9954123,
          -3.8154733e-09,
          -0.095679134,
          0,
          -0.0014548854,
          0.9998845,
          -0.015136071,
          0,
          0.09566808,
          0.0152059,
          0.99529713,
          0,
          0.1618471,
          0.025724925,
          1.6838007,
          1
        ]
      },
      {
        "date" : 756897007.709259,
        "title" : "Untitled",
        "transform" : [
          0.99933344,
          9.434675e-12,
          -0.03650628,
          0,
          -0.033235174,
          0.41373816,
          -0.90978914,
          0,
          0.015104041,
          0.91039604,
          0.41346234,
          0,
          0.00851574,
          0.51328635,
          0.2331123,
          1
        ]
      },
      {
        "date" : 756896994.580322,
        "title" : "Untitled",
        "transform" : [
          1,
          0,
          0,
          0,
          0,
          0.7071069,
          -0.70710677,
          0,
          0,
          0.70710677,
          0.7071069,
          0,
          0,
          2.5231392,
          2.5231392,
          1
        ]
      }
    ],
    "4900FD3F-A8C6-4F13-9E78-5B072546D3AF" : [
      {
        "date" : 758184203.962378,
        "title" : "Untitled",
        "transform" : [
          0.9464803,
          1.4635299e-08,
          0.3227618,
          0,
          0.257787,
          0.6017416,
          -0.75594497,
          0,
          -0.19421922,
          0.7986908,
          0.5695365,
          0,
          -0.17595068,
          0.68347174,
          0.44889325,
          1
        ]
      },
      {
        "date" : 758184027.817605,
        "title" : "Untitled",
        "transform" : [
          0.94648015,
          1.4635297e-08,
          0.32276177,
          0,
          0.257787,
          0.6017416,
          -0.75594497,
          0,
          -0.19421922,
          0.7986908,
          0.5695365,
          0,
          -0.14190798,
          0.5512344,
          0.36204195,
          1
        ]
      },
      {
        "date" : 758183563.645809,
        "title" : "Untitled",
        "transform" : [
          0.99855274,
          5.916122e-09,
          0.053780463,
          0,
          0.026357321,
          0.871673,
          -0.4893786,
          0,
          -0.046879023,
          0.49008796,
          0.87041146,
          0,
          -0.048467077,
          0.34901485,
          0.57524884,
          1
        ]
      },
      {
        "date" : 758183552.928178,
        "title" : "Untitled",
        "transform" : [
          0.99855274,
          5.916122e-09,
          0.053780463,
          0,
          0.026357321,
          0.871673,
          -0.4893786,
          0,
          -0.046879023,
          0.49008796,
          0.87041146,
          0,
          -0.137353,
          1.2782556,
          2.2256153,
          1
        ]
      },
      {
        "date" : 758183547.09398,
        "title" : "Untitled",
        "transform" : [
          0.9738401,
          8.901377e-09,
          0.22723475,
          0,
          0.2268339,
          0.05938175,
          -0.9721215,
          0,
          -0.01349362,
          0.99823534,
          0.057828203,
          0,
          -0.046821203,
          2.5668352,
          0.12382246,
          1
        ]
      },
      {
        "date" : 758183541.22342,
        "title" : "Untitled",
        "transform" : [
          0.9953115,
          2.2105968e-09,
          0.096721746,
          0,
          0.029532643,
          0.952245,
          -0.30390325,
          0,
          -0.09210285,
          0.305335,
          0.9477803,
          0,
          -0.25345796,
          0.805149,
          2.4276862,
          1
        ]
      },
      {
        "date" : 758183536.382724,
        "title" : "Untitled",
        "transform" : [
          0.9953115,
          2.2105968e-09,
          0.096721746,
          0,
          0.029532643,
          0.952245,
          -0.30390325,
          0,
          -0.09210285,
          0.305335,
          0.9477803,
          0,
          -0.101225786,
          0.300476,
          0.8611472,
          1
        ]
      },
      {
        "date" : 758183530.202472,
        "title" : "Untitled",
        "transform" : [
          -0.9794225,
          -2.2910772e-08,
          -0.2018203,
          0,
          -0.072099626,
          0.93401027,
          0.34989497,
          0,
          0.18850228,
          0.3572463,
          -0.91479063,
          0,
          0.30911392,
          0.5703081,
          -1.3582169,
          1
        ]
      },
      {
        "date" : 758183521.82657,
        "title" : "Untitled",
        "transform" : [
          -0.68476313,
          -2.335553e-08,
          0.72876567,
          0,
          0.3206148,
          0.89802593,
          0.30125636,
          0,
          -0.65445036,
          0.43994242,
          -0.61493504,
          0,
          -0.95373595,
          0.693459,
          -0.93544555,
          1
        ]
      },
      {
        "date" : 758183514.776986,
        "title" : "Untitled",
        "transform" : [
          -0.059496682,
          -3.2434812e-08,
          -0.9982285,
          0,
          -0.91974914,
          0.38865963,
          0.054819033,
          0,
          0.38797095,
          0.9213814,
          -0.02312389,
          0,
          0.55307144,
          1.399875,
          -0.004276134,
          1
        ]
      }
    ],
    "65A27008-2FA3-4388-9990-8C3ED446F8BA" : [
      {
        "date" : 758182708.853423,
        "title" : "Untitled",
        "transform" : [
          0.974215,
          3.5688108e-09,
          -0.22562179,
          0,
          0.023634782,
          0.9944982,
          0.10205285,
          0,
          0.22438052,
          -0.10475399,
          0.96885496,
          0,
          0.1262558,
          0.019469958,
          0.92547524,
          1
        ]
      },
      {
        "date" : 758182473.331725,
        "title" : "Untitled",
        "transform" : [
          0.9987746,
          -4.6359943e-09,
          0.049489673,
          0,
          0.04587264,
          0.37527466,
          -0.9257779,
          0,
          -0.018572157,
          0.9269136,
          0.3748148,
          0,
          -0.4337373,
          0.7794889,
          0.5132319,
          1
        ]
      },
      {
        "date" : 758182447.596289,
        "title" : "Untitled",
        "transform" : [
          1,
          0,
          0,
          0,
          0,
          0.7071069,
          -0.70710677,
          0,
          0,
          0.70710677,
          0.7071069,
          0,
          0,
          1.389326,
          1.3893261,
          1
        ]
      }
    ],
    "7690A2EC-52F0-480F-A506-02A0665C4A62" : [
      {
        "date" : 758183992.123791,
        "title" : "Untitled",
        "transform" : [
          0.99360317,
          -6.493437e-09,
          0.112928465,
          0,
          0.112496145,
          0.08741822,
          -0.9897993,
          0,
          -0.009872034,
          0.9961717,
          0.086859085,
          0,
          -3.5361416,
          16.47698,
          0.0722283,
          1
        ]
      },
      {
        "date" : 758183980.430409,
        "title" : "Untitled",
        "transform" : [
          0.99360317,
          -6.493437e-09,
          0.112928465,
          0,
          0.112496145,
          0.08741822,
          -0.9897993,
          0,
          -0.009872034,
          0.9961717,
          0.086859085,
          0,
          -4.5842447,
          21.360714,
          0.09363658,
          1
        ]
      },
      {
        "date" : 758183978.782662,
        "title" : "Untitled",
        "transform" : [
          0.9996807,
          -7.1993114e-09,
          -0.025273107,
          0,
          -0.025257692,
          0.034899417,
          -0.99907166,
          0,
          0.00088199874,
          0.9993909,
          0.034888346,
          0,
          -4.5558767,
          21.36327,
          -0.39865774,
          1
        ]
      },
      {
        "date" : 758183973.311654,
        "title" : "Untitled",
        "transform" : [
          0.98258865,
          -9.3034345e-09,
          0.18579485,
          0,
          0.16371644,
          0.47280392,
          -0.86582536,
          0,
          -0.08784455,
          0.88116765,
          0.4645718,
          0,
          -6.1330442,
          19.392584,
          7.976072,
          1
        ]
      },
      {
        "date" : 758183447.249821,
        "title" : "Untitled",
        "transform" : [
          0.9999953,
          -7.0052577e-09,
          0.0030961153,
          0,
          0.003003386,
          0.24293275,
          -0.97003865,
          0,
          -0.0007521688,
          0.9700432,
          0.24293163,
          0,
          -4.556588,
          20.999113,
          3.9470208,
          1
        ]
      },
      {
        "date" : 758183445.032224,
        "title" : "Untitled",
        "transform" : [
          0.8222798,
          -7.0051662e-09,
          0.5690835,
          0,
          0.56873685,
          0.03489957,
          -0.8217789,
          0,
          -0.019860813,
          0.9993909,
          0.02869724,
          0,
          -3.4444032,
          21.363268,
          -3.0084913,
          1
        ]
      },
      {
        "date" : 758183433.401373,
        "title" : "Untitled",
        "transform" : [
          1,
          0,
          -0,
          0,
          -0,
          0.7071069,
          -0.7071067,
          0,
          0,
          0.7071067,
          0.7071069,
          0,
          -3.7625709,
          8.603733,
          8.600489,
          1
        ]
      }
    ],
    "99603D4F-5265-4E63-9EA4-68CA3A916517" : [
      {
        "date" : 758183746.00756,
        "title" : "Untitled",
        "transform" : [
          0.9859268,
          -2.1928068e-09,
          0.1671777,
          0,
          0.07319059,
          0.89907193,
          -0.43163985,
          0,
          -0.15030476,
          0.43780112,
          0.886419,
          0,
          -0.005663322,
          0.015209244,
          0.034015715,
          1
        ]
      },
      {
        "date" : 758183744.471318,
        "title" : "Untitled",
        "transform" : [
          0.9658806,
          -1.9181998e-09,
          -0.25898796,
          0,
          -0.2110179,
          0.57977176,
          -0.7869791,
          0,
          0.15015389,
          0.8147789,
          0.5599902,
          0,
          0.006054876,
          0.029861303,
          0.02218342,
          1
        ]
      },
      {
        "date" : 758183303.220398,
        "title" : "Untitled",
        "transform" : [
          0.9658806,
          -1.9181998e-09,
          -0.25898796,
          0,
          -0.21101794,
          0.5797718,
          -0.7869792,
          0,
          0.1501539,
          0.81477904,
          0.5599903,
          0,
          0.0053304345,
          0.02628852,
          0.019529266,
          1
        ]
      }
    ],
    "9B08968F-D29F-43B0-AEF2-343BCDD84B6E" : [
      {
        "date" : 758184025.122684,
        "title" : "Untitled",
        "transform" : [
          0.9255099,
          1.7760065e-08,
          -0.3787237,
          0,
          0.16539124,
          0.89960384,
          0.40417662,
          0,
          0.34070125,
          -0.436707,
          0.8325923,
          0,
          1.9844967,
          -0.43438014,
          4.842309,
          1
        ]
      },
      {
        "date" : 758183957.05902,
        "title" : "Untitled",
        "transform" : [
          0.9712104,
          1.765386e-08,
          0.2382234,
          0,
          0.03391128,
          0.98981625,
          -0.13825265,
          0,
          -0.23579739,
          0.14235093,
          0.96131974,
          0,
          -1.0878718,
          2.5724635,
          4.446778,
          1
        ]
      },
      {
        "date" : 758183938.474847,
        "title" : "Untitled",
        "transform" : [
          0.96993023,
          1.8179424e-08,
          0.24338305,
          0,
          -0.0032998915,
          0.99990803,
          0.01315061,
          0,
          -0.24336067,
          -0.01355825,
          0.96984106,
          0,
          -1.1954167,
          1.8280203,
          4.775373,
          1
        ]
      },
      {
        "date" : 758183927.205149,
        "title" : "Untitled",
        "transform" : [
          0.9774741,
          1.714822e-08,
          -0.21105526,
          0,
          -0.047746792,
          0.9740743,
          -0.22113271,
          0,
          0.20558347,
          0.22622874,
          0.9521323,
          0,
          0.91909295,
          2.953429,
          4.2435117,
          1
        ]
      },
      {
        "date" : 758183638.938915,
        "title" : "Untitled",
        "transform" : [
          0.9692056,
          2.012547e-08,
          0.24625312,
          0,
          0.098455064,
          0.91659695,
          -0.3875005,
          0,
          -0.22571503,
          0.39981237,
          0.8883709,
          0,
          -106.853645,
          108.40336,
          420.5557,
          1
        ]
      },
      {
        "date" : 758183632.582119,
        "title" : "Untitled",
        "transform" : [
          0.9481811,
          2.4982697e-08,
          0.31773043,
          0,
          -0.002525602,
          0.9999684,
          0.0075369547,
          0,
          -0.31772053,
          -0.007948997,
          0.94815105,
          0,
          -139.94937,
          -77.6273,
          417.64133,
          1
        ]
      },
      {
        "date" : 758183630.801127,
        "title" : "Untitled",
        "transform" : [
          0.9991216,
          2.5579123e-08,
          -0.04190488,
          0,
          -0.0012827422,
          0.9995313,
          -0.030583741,
          0,
          0.04188506,
          0.030610492,
          0.9986534,
          0,
          18.569372,
          -60.58751,
          442.74194,
          1
        ]
      },
      {
        "date" : 758183619.873105,
        "title" : "Untitled",
        "transform" : [
          0.50531566,
          2.498691e-08,
          -0.86293465,
          0,
          0.09714894,
          0.9936427,
          0.0568883,
          0,
          0.85744846,
          -0.11257985,
          0.50210327,
          0,
          294.77283,
          -97.97439,
          172.61252,
          1
        ]
      },
      {
        "date" : 758183612.776261,
        "title" : "Untitled",
        "transform" : [
          0.52904695,
          3.831196e-08,
          -0.84859276,
          0,
          -0.12372234,
          0.9893145,
          -0.07713349,
          0,
          0.839525,
          0.14579695,
          0.5233939,
          0,
          301.49966,
          -7.170858,
          187.96707,
          1
        ]
      },
      {
        "date" : 758183601.384932,
        "title" : "Untitled",
        "transform" : [
          -0.0035547644,
          4.94324e-08,
          -0.99999374,
          0,
          -0.52750105,
          0.8495523,
          0.0018751462,
          0,
          0.8495469,
          0.52750427,
          -0.0030198204,
          0,
          328.79242,
          134.83046,
          -1.1687595,
          1
        ]
      }
    ],
    "D66134B1-3681-4A8E-AFE5-29F257229F3B" : [
      {
        "date" : 758186917.691452,
        "title" : "Untitled",
        "transform" : [
          0.971462,
          1.1689231e-08,
          0.23719513,
          0,
          0.049308557,
          0.97815394,
          -0.20194949,
          0,
          -0.23201323,
          0.20788203,
          0.95023954,
          0,
          0.010847205,
          0.06648607,
          0.17842428,
          1
        ]
      },
      {
        "date" : 758182339.607349,
        "title" : "Untitled",
        "transform" : [
          0.99989194,
          1.2141633e-08,
          -0.014700764,
          0,
          -0.006252168,
          0.9050559,
          -0.42524683,
          0,
          0.0133051835,
          0.42529285,
          0.90495807,
          0,
          0.055074863,
          0.10364587,
          0.1503249,
          1
        ]
      },
      {
        "date" : 758180136.707795,
        "title" : "Untitled",
        "transform" : [
          0.99645233,
          1.5133761e-08,
          0.084159926,
          0,
          0.003033319,
          0.9993503,
          -0.035914917,
          0,
          -0.084105104,
          0.036042795,
          0.99580485,
          0,
          0.11465664,
          0.18852961,
          0.29551822,
          1
        ]
      },
      {
        "date" : 758180135.075479,
        "title" : "Untitled",
        "transform" : [
          0.9964933,
          1.3129949e-08,
          -0.08367354,
          0,
          -0.022956425,
          0.9616281,
          -0.27339453,
          0,
          0.08046294,
          0.27435663,
          0.9582558,
          0,
          0.16945219,
          0.26788118,
          0.28641403,
          1
        ]
      },
      {
        "date" : 758180128.115591,
        "title" : "Untitled",
        "transform" : [
          0.7299366,
          1.6421433e-08,
          0.6835149,
          0,
          0.5963732,
          0.48859718,
          -0.63687664,
          0,
          -0.33396336,
          0.8725095,
          0.35664505,
          0,
          -0.042229168,
          0.49886972,
          0.20272458,
          1
        ]
      },
      {
        "date" : 758180115.611463,
        "title" : "Untitled",
        "transform" : [
          0.94344914,
          -1.0479281e-08,
          -0.33151743,
          0,
          -0.16347294,
          0.8699697,
          -0.46521953,
          0,
          0.28841022,
          0.49310502,
          0.8207721,
          0,
          0.26602829,
          0.27535295,
          0.40022063,
          1
        ]
      },
      {
        "date" : 758180109.392761,
        "title" : "Untitled",
        "transform" : [
          -0.21941125,
          -1.1565622e-08,
          0.97563237,
          0,
          0.24616143,
          0.9676466,
          0.055359557,
          0,
          -0.94406736,
          0.2523096,
          -0.21231247,
          0,
          -0.121210694,
          0.037734266,
          -0.0004733048,
          1
        ]
      },
      {
        "date" : 758180104.027737,
        "title" : "Untitled",
        "transform" : [
          0.8125018,
          -1.1488069e-08,
          0.58295864,
          0,
          0.5826035,
          0.034899496,
          -0.8120068,
          0,
          -0.020344898,
          0.9993908,
          0.02835596,
          0,
          0.017438231,
          0.12932733,
          -0.028152386,
          1
        ]
      },
      {
        "date" : 758180101.879937,
        "title" : "Untitled",
        "transform" : [
          0.67495036,
          -2.3819952e-08,
          -0.7378631,
          0,
          -0.2865434,
          0.92151517,
          -0.26211175,
          0,
          0.6799522,
          0.38834226,
          0.621977,
          0,
          0.07114922,
          0.087378405,
          0.06671045,
          1
        ]
      },
      {
        "date" : 758180095.625776,
        "title" : "Untitled",
        "transform" : [
          0.9453741,
          -3.1428726e-09,
          -0.32598785,
          0,
          -0.29869777,
          0.40052682,
          -0.86623216,
          0,
          0.13056692,
          0.9162852,
          0.3786476,
          0,
          0.0031747888,
          0.13265415,
          0.014071748,
          1
        ]
      }
    ],
    "F2F7B101-EAEC-4CD6-BB27-1903FC907C7E" : [
      {
        "date" : 758200213.18014,
        "title" : "Untitled",
        "transform" : [
          0.83743966,
          2.1404293e-07,
          -0.54652977,
          0,
          -0.28218946,
          0.8563901,
          -0.43239442,
          0,
          0.46804267,
          0.51632917,
          0.71717507,
          0,
          0.069900304,
          0.0693994,
          0.04349799,
          1
        ]
      },
      {
        "date" : 758188065.320426,
        "title" : "Untitled",
        "transform" : [
          0.952797,
          2.0650542e-07,
          -0.30360797,
          0,
          -0.093608886,
          0.9512824,
          -0.29376706,
          0,
          0.28881693,
          0.30832076,
          0.90637904,
          0,
          0.05836968,
          0.050818145,
          0.06983248,
          1
        ]
      },
      {
        "date" : 758188046.50705,
        "title" : "Untitled",
        "transform" : [
          0.9946295,
          2.0026363e-07,
          0.10349917,
          0,
          0.056560494,
          0.83746904,
          -0.5435499,
          0,
          -0.08667744,
          0.5464847,
          0.83297145,
          0,
          0.025409264,
          0.07263736,
          0.077123344,
          1
        ]
      },
      {
        "date" : 758188036.585183,
        "title" : "Untitled",
        "transform" : [
          0.9806477,
          1.9825512e-07,
          -0.19578075,
          0,
          -0.14590824,
          0.66677123,
          -0.73083985,
          0,
          0.13054086,
          0.7452624,
          0.6538677,
          0,
          0.04292296,
          0.08938646,
          0.045138747,
          1
        ]
      },
      {
        "date" : 758187958.571487,
        "title" : "Untitled",
        "transform" : [
          0.9806477,
          1.9825512e-07,
          -0.19578075,
          0,
          -0.14590822,
          0.6667712,
          -0.7308398,
          0,
          0.13054086,
          0.7452624,
          0.6538677,
          0,
          0.034458905,
          0.15250085,
          0.055805165,
          1
        ]
      },
      {
        "date" : 758187956.484171,
        "title" : "Untitled",
        "transform" : [
          0.9708007,
          1.9865938e-07,
          -0.23988754,
          0,
          -0.18364114,
          0.64340085,
          -0.7431764,
          0,
          0.15434374,
          0.76552945,
          0.6246141,
          0,
          0.035806466,
          0.15432923,
          0.049583543,
          1
        ]
      },
      {
        "date" : 758187888.223848,
        "title" : "Untitled",
        "transform" : [
          0.9246387,
          1.9111474e-07,
          -0.38084587,
          0,
          -0.110391825,
          0.9570693,
          -0.26801476,
          0,
          0.36449584,
          0.28985903,
          0.8849433,
          0,
          0.023318637,
          0.04123622,
          0.046326388,
          1
        ]
      },
      {
        "date" : 758187882.818508,
        "title" : "Untitled",
        "transform" : [
          0.9998646,
          1.8584399e-07,
          -0.016461756,
          0,
          -0.013698515,
          0.55457604,
          -0.8320202,
          0,
          0.009129176,
          0.832133,
          0.55450094,
          0,
          0.0033683148,
          0.0719235,
          0.02840105,
          1
        ]
      },
      {
        "date" : 758187874.83412,
        "title" : "Untitled",
        "transform" : [
          0.9402733,
          1.8589347e-07,
          -0.34042072,
          0,
          -0.262879,
          0.6353581,
          -0.7260955,
          0,
          0.21628895,
          0.77221763,
          0.59741026,
          0,
          0.032418102,
          0.13152012,
          0.08102197,
          1
        ]
      },
      {
        "date" : 758187756.818837,
        "title" : "Untitled",
        "transform" : [
          0.99968475,
          1.8408568e-07,
          0.025109341,
          0,
          0.013963887,
          0.8310958,
          -0.5559539,
          0,
          -0.02086837,
          0.5561293,
          0.8308338,
          0,
          -0.0001500696,
          0.10077222,
          0.1214824,
          1
        ]
      }
    ]
  },
  "sceneViewportBackgroundColors" : {

  },
  "selectedSceneRelativePath" : "logo.usda"
}