{
  "advancedEditorSelectedIdentifier" : "ProjectBrowser",
  "openSceneRelativePaths" : [
    "Scene.usda"
  ],
  "recentIdentifiers" : {
    "D66134B1-3681-4A8E-AFE5-29F257229F3B" : [

    ]
  },
  "sceneCameraHistory" : {
    "1D572CEB-057A-41C3-B575-04C37501A3C0" : [
      {
        "date" : 756897053.693219,
        "title" : "Untitled",
        "transform" : [
          0.99484307,
          -3.8691383e-09,
          0.101427004,
          0,
          0.007861977,
          0.9969913,
          -0.07711396,
          0,
          -0.10112181,
          0.07751377,
          0.9918498,
          0,
          -0.17107351,
          0.13113469,
          1.6779686,
          1
        ]
      },
      {
        "date" : 756897016.77654,
        "title" : "Untitled",
        "transform" : [
          0.9954123,
          -3.8154733e-09,
          -0.095679134,
          0,
          -0.0014548854,
          0.9998845,
          -0.015136071,
          0,
          0.09566808,
          0.0152059,
          0.99529713,
          0,
          0.1618471,
          0.025724925,
          1.6838007,
          1
        ]
      },
      {
        "date" : 756897007.709259,
        "title" : "Untitled",
        "transform" : [
          0.99933344,
          9.434675e-12,
          -0.03650628,
          0,
          -0.033235174,
          0.41373816,
          -0.90978914,
          0,
          0.015104041,
          0.91039604,
          0.41346234,
          0,
          0.00851574,
          0.51328635,
          0.2331123,
          1
        ]
      },
      {
        "date" : 756896994.580322,
        "title" : "Untitled",
        "transform" : [
          1,
          0,
          0,
          0,
          0,
          0.7071069,
          -0.70710677,
          0,
          0,
          0.70710677,
          0.7071069,
          0,
          0,
          2.5231392,
          2.5231392,
          1
        ]
      }
    ],
    "D66134B1-3681-4A8E-AFE5-29F257229F3B" : [
      {
        "date" : 757653382.949338,
        "title" : "Untitled",
        "transform" : [
          0.9997848,
          -2.6980985e-08,
          0.020740746,
          0,
          0.010319504,
          0.86743736,
          -0.49743918,
          0,
          -0.017991288,
          0.49754623,
          0.8672508,
          0,
          -0.40171987,
          11.17469,
          19.333326,
          1
        ]
      },
      {
        "date" : 757653360.002361,
        "title" : "Untitled",
        "transform" : [
          0.9997849,
          -2.6279212e-08,
          0.02074073,
          0,
          0.004538872,
          0.9757615,
          -0.21878977,
          0,
          -0.020238033,
          0.21883692,
          0.97555155,
          0,
          -0.06684249,
          0.05344134,
          0.29373017,
          1
        ]
      },
      {
        "date" : 757653344.809242,
        "title" : "Untitled",
        "transform" : [
          0.28634295,
          -2.4884894e-08,
          -0.9581273,
          0,
          -0.49062583,
          0.85894513,
          -0.14662696,
          0,
          0.8229787,
          0.51206756,
          0.24595293,
          0,
          0.20253295,
          0.11984464,
          0.14301956,
          1
        ]
      },
      {
        "date" : 757653336.118841,
        "title" : "Untitled",
        "transform" : [
          0.97326255,
          -1.1097049e-08,
          -0.22969587,
          0,
          -0.21623279,
          0.3373259,
          -0.9162175,
          0,
          0.07748223,
          0.9413879,
          0.32830662,
          0,
          0.024615971,
          0.15735804,
          0.2514928,
          1
        ]
      },
      {
        "date" : 757653325.611728,
        "title" : "Untitled",
        "transform" : [
          0.9979004,
          -2.27434e-08,
          -0.06476665,
          0,
          -0.035430413,
          0.83710027,
          -0.5459009,
          0,
          0.05421602,
          0.54704946,
          0.8353427,
          0,
          0.0207269,
          0.09144224,
          0.33624658,
          1
        ]
      },
      {
        "date" : 757653321.993393,
        "title" : "Untitled",
        "transform" : [
          0.92335325,
          -2.3991353e-08,
          -0.38395154,
          0,
          -0.37890157,
          0.16165282,
          -0.91120905,
          0,
          0.06206671,
          0.9868478,
          0.14926271,
          0,
          0.060422536,
          0.31024402,
          0.14815807,
          1
        ]
      },
      {
        "date" : 757653313.474642,
        "title" : "Untitled",
        "transform" : [
          0.9486504,
          -2.6857148e-08,
          -0.31632644,
          0,
          -0.31613365,
          0.03489954,
          -0.94807255,
          0,
          0.0110395085,
          0.9993909,
          0.033107497,
          0,
          0.036689427,
          0.32806575,
          0.113489136,
          1
        ]
      },
      {
        "date" : 757653305.527708,
        "title" : "Untitled",
        "transform" : [
          0.9969605,
          -1.6312814e-08,
          -0.0779087,
          0,
          -0.05300708,
          0.73286366,
          -0.67830753,
          0,
          0.057096325,
          0.68037564,
          0.73063624,
          0,
          0.023578063,
          0.14694126,
          0.3157616,
          1
        ]
      },
      {
        "date" : 757653302.413459,
        "title" : "Untitled",
        "transform" : [
          0.98930687,
          -1.4815567e-08,
          -0.14584991,
          0,
          -0.14576095,
          0.03489939,
          -0.988704,
          0,
          0.005089945,
          0.9993909,
          0.03452624,
          0,
          0.01631265,
          0.32806575,
          0.11815154,
          1
        ]
      },
      {
        "date" : 757653299.594519,
        "title" : "Untitled",
        "transform" : [
          0.9993002,
          -1.3277305e-08,
          -0.037406456,
          0,
          -0.02072258,
          0.8325253,
          -0.5535991,
          0,
          0.031141678,
          0.55398685,
          0.8319428,
          0,
          0.011479322,
          0.09423855,
          0.33591717,
          1
        ]
      }
    ]
  },
  "sceneViewportBackgroundColors" : {

  },
  "selectedSceneRelativePath" : "Scene.usda"
}