{
  "advancedEditorSelectedIdentifier" : "ProjectBrowser",
  "openSceneRelativePaths" : [
    "Immersive.usda",
    "Scene.usda"
  ],
  "recentIdentifiers" : {
    "D66134B1-3681-4A8E-AFE5-29F257229F3B" : [

    ]
  },
  "sceneCameraHistory" : {
    "1D572CEB-057A-41C3-B575-04C37501A3C0" : [
      {
        "date" : 756897053.693219,
        "title" : "Untitled",
        "transform" : [
          0.99484307,
          -3.8691383e-09,
          0.101427004,
          0,
          0.007861977,
          0.9969913,
          -0.07711396,
          0,
          -0.10112181,
          0.07751377,
          0.9918498,
          0,
          -0.17107351,
          0.13113469,
          1.6779686,
          1
        ]
      },
      {
        "date" : 756897016.77654,
        "title" : "Untitled",
        "transform" : [
          0.9954123,
          -3.8154733e-09,
          -0.095679134,
          0,
          -0.0014548854,
          0.9998845,
          -0.015136071,
          0,
          0.09566808,
          0.0152059,
          0.99529713,
          0,
          0.1618471,
          0.025724925,
          1.6838007,
          1
        ]
      },
      {
        "date" : 756897007.709259,
        "title" : "Untitled",
        "transform" : [
          0.99933344,
          9.434675e-12,
          -0.03650628,
          0,
          -0.033235174,
          0.41373816,
          -0.90978914,
          0,
          0.015104041,
          0.91039604,
          0.41346234,
          0,
          0.00851574,
          0.51328635,
          0.2331123,
          1
        ]
      },
      {
        "date" : 756896994.580322,
        "title" : "Untitled",
        "transform" : [
          1,
          0,
          0,
          0,
          0,
          0.7071069,
          -0.70710677,
          0,
          0,
          0.70710677,
          0.7071069,
          0,
          0,
          2.5231392,
          2.5231392,
          1
        ]
      }
    ],
    "D66134B1-3681-4A8E-AFE5-29F257229F3B" : [
      {
        "date" : 757157879.961328,
        "title" : "Untitled",
        "transform" : [
          0.9989526,
          -1.4168661e-08,
          0.0457564,
          0,
          0.019276839,
          0.9069248,
          -0.42085132,
          0,
          -0.041497596,
          0.4212925,
          0.9059749,
          0,
          0.92176557,
          5.3469105,
          11.744927,
          1
        ]
      },
      {
        "date" : 756983553.615471,
        "title" : "Untitled",
        "transform" : [
          0.9989526,
          -1.4168661e-08,
          0.0457564,
          0,
          0.019276839,
          0.9069248,
          -0.42085132,
          0,
          -0.041497596,
          0.4212925,
          0.9059749,
          0,
          0.92176557,
          5.3469105,
          11.744927,
          1
        ]
      },
      {
        "date" : 756983538.524134,
        "title" : "Untitled",
        "transform" : [
          0.9964842,
          -1.4632715e-08,
          0.08378057,
          0,
          0.051536977,
          0.78841615,
          -0.61297953,
          0,
          -0.06605394,
          0.6151422,
          0.7856443,
          0,
          0.60004807,
          7.8478317,
          10.268101,
          1
        ]
      },
      {
        "date" : 756983399.292472,
        "title" : "Untitled",
        "transform" : [
          0.9964843,
          -7.939102e-09,
          0.08378058,
          0,
          0.051536992,
          0.78841627,
          -0.6129796,
          0,
          -0.06605394,
          0.6151422,
          0.7856443,
          0,
          0.7437651,
          7.5693674,
          9.931776,
          1
        ]
      },
      {
        "date" : 756983388.556571,
        "title" : "Untitled",
        "transform" : [
          0.8851626,
          -8.212548e-09,
          -0.4652819,
          0,
          -0.1709128,
          0.93009007,
          -0.32514834,
          0,
          0.43275404,
          0.36733177,
          0.8232808,
          0,
          6.777016,
          4.482458,
          9.511483,
          1
        ]
      },
      {
        "date" : 756983385.039779,
        "title" : "Untitled",
        "transform" : [
          0.8842986,
          -2.3667468e-09,
          -0.46692196,
          0,
          -0.17151526,
          0.93009,
          -0.32483095,
          0,
          0.43427947,
          0.36733177,
          0.82247716,
          0,
          6.7946367,
          4.4824586,
          9.498905,
          1
        ]
      },
      {
        "date" : 756983376.22414,
        "title" : "Untitled",
        "transform" : [
          0.9760905,
          2.0875746e-11,
          0.21736467,
          0,
          0.081688315,
          0.9266959,
          -0.3668267,
          0,
          -0.20143087,
          0.3758123,
          0.90453905,
          0,
          -0.41407472,
          1.9568914,
          4.9465356,
          1
        ]
      },
      {
        "date" : 756973789.863109,
        "title" : "Untitled",
        "transform" : [
          0.9760905,
          2.0875746e-11,
          0.21736467,
          0,
          0.081688315,
          0.9266959,
          -0.3668267,
          0,
          -0.20143087,
          0.3758123,
          0.90453905,
          0,
          -0.12455789,
          0.58865285,
          1.4879683,
          1
        ]
      },
      {
        "date" : 756971364.841202,
        "title" : "Untitled",
        "transform" : [
          0.99851114,
          3.2303449e-09,
          0.05454866,
          0,
          -0.00445842,
          0.9966543,
          0.08161149,
          0,
          -0.05436607,
          -0.08173312,
          0.9951704,
          0,
          0.11503438,
          -0.14060287,
          1.594702,
          1
        ]
      },
      {
        "date" : 756917261.330452,
        "title" : "Untitled",
        "transform" : [
          0.99864995,
          1.3095667e-09,
          -0.051943358,
          0,
          -0.051911697,
          0.034899585,
          -0.9980417,
          0,
          0.0018128834,
          0.99939084,
          0.034852426,
          0,
          0.20501094,
          1.590902,
          0.055487365,
          1
        ]
      }
    ]
  },
  "sceneViewportBackgroundColors" : {

  },
  "selectedSceneRelativePath" : "Scene.usda"
}