{
  "advancedEditorSelectedIdentifier" : "ProjectBrowser",
  "openSceneRelativePaths" : [
    "Scene.usda"
  ],
  "recentIdentifiers" : {
    "D66134B1-3681-4A8E-AFE5-29F257229F3B" : [

    ]
  },
  "sceneCameraHistory" : {
    "1D572CEB-057A-41C3-B575-04C37501A3C0" : [
      {
        "date" : 756897053.693219,
        "title" : "Untitled",
        "transform" : [
          0.99484307,
          -3.8691383e-09,
          0.101427004,
          0,
          0.007861977,
          0.9969913,
          -0.07711396,
          0,
          -0.10112181,
          0.07751377,
          0.9918498,
          0,
          -0.17107351,
          0.13113469,
          1.6779686,
          1
        ]
      },
      {
        "date" : 756897016.77654,
        "title" : "Untitled",
        "transform" : [
          0.9954123,
          -3.8154733e-09,
          -0.095679134,
          0,
          -0.0014548854,
          0.9998845,
          -0.015136071,
          0,
          0.09566808,
          0.0152059,
          0.99529713,
          0,
          0.1618471,
          0.025724925,
          1.6838007,
          1
        ]
      },
      {
        "date" : 756897007.709259,
        "title" : "Untitled",
        "transform" : [
          0.99933344,
          9.434675e-12,
          -0.03650628,
          0,
          -0.033235174,
          0.41373816,
          -0.90978914,
          0,
          0.015104041,
          0.91039604,
          0.41346234,
          0,
          0.00851574,
          0.51328635,
          0.2331123,
          1
        ]
      },
      {
        "date" : 756896994.580322,
        "title" : "Untitled",
        "transform" : [
          1,
          0,
          0,
          0,
          0,
          0.7071069,
          -0.70710677,
          0,
          0,
          0.70710677,
          0.7071069,
          0,
          0,
          2.5231392,
          2.5231392,
          1
        ]
      }
    ],
    "D66134B1-3681-4A8E-AFE5-29F257229F3B" : [
      {
        "date" : 757482580.526579,
        "title" : "Untitled",
        "transform" : [
          0.99376553,
          1.3819805e-08,
          -0.11149047,
          0,
          0.009653071,
          0.9962448,
          0.08604231,
          0,
          0.11107177,
          -0.086582124,
          0.99003375,
          0,
          0.01348075,
          0.027708016,
          0.12786359,
          1
        ]
      },
      {
        "date" : 757481491.241444,
        "title" : "Untitled",
        "transform" : [
          0.98367035,
          1.10828715e-08,
          0.17997979,
          0,
          0.039349686,
          0.97580695,
          -0.21506377,
          0,
          -0.17562555,
          0.218634,
          0.95987236,
          0,
          -0.021394543,
          0.06527821,
          0.11215877,
          1
        ]
      },
      {
        "date" : 757481484.921518,
        "title" : "Untitled",
        "transform" : [
          0.95691437,
          1.3881747e-08,
          0.29037035,
          0,
          0.017163975,
          0.9982515,
          -0.056563668,
          0,
          -0.2898627,
          0.05911042,
          0.9552411,
          0,
          0.035855114,
          0.10535548,
          -0.36508924,
          1
        ]
      },
      {
        "date" : 757478422.020979,
        "title" : "Untitled",
        "transform" : [
          0.95691437,
          1.3881747e-08,
          0.29037035,
          0,
          0.017163975,
          0.9982515,
          -0.056563668,
          0,
          -0.2898627,
          0.05911042,
          0.9552411,
          0,
          -0.2796636,
          0.16969772,
          0.6746989,
          1
        ]
      },
      {
        "date" : 757437487.322903,
        "title" : "Untitled",
        "transform" : [
          0.96735775,
          1.6617774e-08,
          -0.25341427,
          0,
          -0.06980683,
          0.96131104,
          -0.26647362,
          0,
          0.24360988,
          0.2754653,
          0.92993176,
          0,
          0.101011045,
          0.32417664,
          0.6685312,
          1
        ]
      },
      {
        "date" : 757437416.360373,
        "title" : "Untitled",
        "transform" : [
          0.95048636,
          1.9423425e-08,
          -0.31076586,
          0,
          -0.15879562,
          0.8595917,
          -0.48568112,
          0,
          0.26713172,
          0.5109815,
          0.8170303,
          0,
          0.27410287,
          1.2267212,
          1.4224595,
          1
        ]
      },
      {
        "date" : 757437413.747448,
        "title" : "Untitled",
        "transform" : [
          0.45039427,
          2.2006722e-08,
          -0.8928297,
          0,
          -0.8734953,
          0.20698223,
          -0.44064096,
          0,
          0.18479995,
          0.9783448,
          0.093223706,
          0,
          -0.017211359,
          1.8881717,
          0.19462712,
          1
        ]
      },
      {
        "date" : 757437411.92033,
        "title" : "Untitled",
        "transform" : [
          0.4504171,
          1.3797507e-08,
          -0.8928184,
          0,
          -0.82551813,
          0.38088965,
          -0.41646487,
          0,
          0.3400653,
          0.92462057,
          0.17155927,
          0,
          0.28728384,
          1.8437902,
          0.34824365,
          1
        ]
      },
      {
        "date" : 757437391.474258,
        "title" : "Untitled",
        "transform" : [
          0.9926371,
          8.78632e-09,
          -0.12112657,
          0,
          -0.04869391,
          0.9156358,
          -0.3990487,
          0,
          0.1109078,
          0.40200862,
          0.9088941,
          0,
          0.010766906,
          1.0417261,
          1.5868391,
          1
        ]
      },
      {
        "date" : 757437050.431378,
        "title" : "Untitled",
        "transform" : [
          0.97988135,
          7.806747e-09,
          0.19958074,
          0,
          0.11554427,
          0.8153737,
          -0.56728756,
          0,
          -0.16273291,
          0.57893497,
          0.79896957,
          0,
          -0.9509367,
          2.8684797,
          2.7205744,
          1
        ]
      }
    ]
  },
  "sceneViewportBackgroundColors" : {

  },
  "selectedSceneRelativePath" : "Scene.usda"
}